971 1000
525 12
379 68
914 284
741 196
283 598
518 756
193 745
496 49
75 774
631 857
692 190
542 485
159 958
378 119
878 754
80 971
375 6
648 908
584 740
934 17
874 941
782 746
103 30
287 930
137 355
648 10
779 950
161 169
338 71
764 653
702 33
553 457
552 935
334 406
483 494
594 573
72 259
875 472
302 231
395 255
406 99
594 117
212 903
593 33
27 739
133 70
902 632
341 73
649 132
201 115
90 686
221 743
170 676
331 899
24 397
446 597
822 719
264 167
248 211
227 49
659 410
697 647
493 895
512 140
510 353
271 620
121 555
371 215
424 392
546 699
603 914
233 779
368 709
213 905
700 380
775 405
524 722
437 116
949 284
935 803
455 351
65 817
440 928
42 33
557 232
199 725
952 594
65 160
461 704
825 533
322 715
781 615
821 224
924 482
205 621
924 277
575 184
55 871
784 695
526 662
76 373
757 195
90 194
530 202
940 216
944 347
455 743
789 355
888 598
24 939
285 295
373 110
782 922
888 586
830 965
588 166
62 808
272 675
183 577
82 512
133 787
211 813
547 787
811 929
765 475
456 664
414 79
531 64
969 899
792 312
274 939
77 449
20 524
324 581
822 348
363 172
353 382
893 628
316 891
336 262
808 597
406 667
667 143
119 115
93 24
412 706
844 598
808 228
456 701
692 704
29 42
854 841
327 898
835 188
36 209
38 48
393 449
795 82
582 302
26 869
946 58
334 876
89 732
86 398
165 970
215 721
612 524
142 861
67 558
668 887
809 216
792 294
460 826
608 209
301 658
349 919
868 702
81 114
665 917
524 94
916 159
221 74
677 495
623 726
964 577
951 132
46 271
491 431
27 205
156 318
131 332
936 768
590 712
434 790
61 906
686 657
260 464
332 469
411 173
237 633
811 179
934 354
794 333
40 206
494 861
652 22
407 839
729 95
728 466
11 933
134 447
643 144
195 273
359 85
473 505
642 886
383 302
725 168
415 438
309 925
907 874
335 59
752 260
636 930
508 476
508 522
886 708
363 253
490 725
733 87
478 531
619 217
257 313
693 759
278 141
565 315
970 85
484 613
276 288
596 674
179 710
572 287
102 907
369 688
662 468
264 402
736 347
649 627
903 231
23 956
314 26
548 350
934 574
193 260
732 965
403 150
805 630
411 328
462 824
299 577
281 482
310 489
766 849
462 487
874 391
361 192
392 325
499 951
761 690
928 689
534 687
628 447
390 910
474 936
873 525
45 97
209 463
903 578
668 104
919 394
601 352
733 128
232 286
221 911
893 748
396 311
508 353
486 849
617 5
965 287
291 584
631 355
666 657
36 909
478 917
11 400
820 152
44 35
743 827
281 18
67 281
732 632
51 135
83 916
126 124
278 54
639 409
100 515
204 535
16 704
356 838
451 553
365 601
903 820
285 785
430 39
529 859
462 427
111 370
589 813
810 651
967 22
142 354
546 847
580 498
613 616
233 607
786 879
353 480
241 724
491 884
265 81
367 897
882 789
292 743
473 472
885 765
298 502
90 84
255 477
4 332
641 662
917 150
459 12
664 280
852 526
818 387
707 680
736 723
372 454
862 431
681 152
753 198
107 472
952 826
798 699
213 556
181 841
220 750
619 754
935 270
763 838
62 408
425 49
663 503
540 841
20 320
423 671
482 713
606 511
703 679
301 5
686 942
602 473
460 599
182 960
275 792
46 126
504 431
736 138
290 936
314 690
218 422
470 98
700 1
871 955
90 691
948 268
706 535
749 613
496 592
539 564
393 422
878 692
481 646
714 287
918 88
585 687
936 304
497 790
902 225
516 246
249 650
342 326
952 375
872 592
232 849
906 422
205 543
957 450
883 152
675 912
55 142
814 970
885 82
331 862
105 676
101 461
821 263
624 737
112 856
773 54
804 172
180 295
249 76
415 919
247 674
344 468
751 136
252 961
732 31
107 409
272 754
501 19
245 482
44 141
278 384
964 583
935 689
778 52
240 301
880 144
109 657
845 881
645 438
696 517
779 689
51 591
890 144
818 311
467 173
843 788
404 8
298 106
893 43
526 710
919 154
211 184
561 928
606 604
799 325
719 164
819 796
784 439
850 527
176 9
77 625
885 283
682 549
533 543
576 94
809 806
579 303
890 924
262 840
889 152
612 829
36 488
873 581
112 123
357 477
925 148
105 96
956 480
937 622
865 297
131 223
296 847
479 429
786 687
125 505
615 157
921 143
80 99
200 577
309 737
595 661
652 50
31 229
496 215
971 387
672 637
472 649
455 875
178 28
942 197
476 153
658 358
566 903
640 22
167 476
938 649
67 259
586 130
815 635
105 460
538 769
158 567
584 592
98 115
530 234
606 597
448 898
749 689
79 671
848 284
163 236
552 142
98 463
240 492
310 751
596 958
100 670
446 563
534 211
442 158
474 583
667 495
832 68
711 376
931 681
567 610
156 900
639 655
671 358
968 653
844 679
314 622
725 235
877 342
151 968
79 149
319 281
681 56
889 533
909 118
846 287
928 2
678 874
521 388
92 357
921 433
916 605
559 961
705 389
545 702
866 122
267 740
436 495
829 14
734 564
459 9
775 492
700 862
63 263
955 679
932 721
171 451
780 299
647 585
626 487
53 575
121 113
158 860
814 295
52 785
809 918
663 421
290 549
272 436
646 197
694 131
901 369
425 900
568 578
65 174
443 861
946 813
947 279
72 793
493 336
739 435
530 823
241 407
521 617
588 898
678 288
563 509
673 285
659 372
954 238
684 370
915 254
330 34
735 479
445 222
915 950
456 741
554 150
285 95
648 537
893 478
27 784
133 772
39 720
81 630
771 217
742 465
261 941
958 428
308 541
884 35
681 471
162 826
869 797
9 184
6 50
2 453
920 205
507 457
943 734
818 50
418 236
897 267
38 323
725 881
343 679
366 481
132 710
125 859
210 962
249 760
523 941
724 417
685 858
411 831
944 295
316 660
744 106
875 307
161 535
65 497
536 82
500 173
594 70
373 826
954 872
751 627
182 770
11 273
420 791
933 498
834 15
812 196
675 97
805 352
802 833
493 867
968 699
823 791
864 578
145 950
158 144
717 828
416 649
944 959
368 570
853 147
559 282
391 346
612 551
516 783
536 926
631 143
767 250
849 905
139 354
554 623
59 190
513 730
510 727
175 8
165 214
236 826
329 893
733 714
569 300
955 516
608 325
510 448
324 926
87 370
761 129
282 896
182 566
519 347
27 11
413 672
897 541
531 657
193 662
357 657
970 321
718 887
671 206
614 287
758 136
67 954
429 196
86 546
887 354
599 380
142 661
381 492
448 522
707 468
93 309
93 847
758 161
890 450
67 266
550 831
960 189
265 269
570 104
579 266
767 117
943 661
163 966
559 578
843 132
798 116
474 419
635 333
430 123
308 660
872 230
806 78
386 512
819 392
615 635
696 650
37 765
411 216
888 258
73 759
965 28
207 401
642 353
872 564
753 323
436 285
366 203
815 683
38 369
531 68
920 306
338 433
738 78
580 389
326 858
306 845
619 100
963 564
180 351
272 810
819 506
748 216
711 923
800 144
240 899
522 553
836 53
470 672
488 374
755 364
807 60
84 938
191 853
630 251
833 331
111 142
360 863
275 345
209 839
501 827
660 812
777 108
575 465
919 532
823 649
385 487
425 625
88 300
370 690
608 269
88 632
211 42
759 5
870 244
618 836
733 257
693 563
253 659
587 905
162 2
139 293
294 574
463 18
829 591
933 750
390 767
638 109
626 441
749 759
851 658
629 661
571 87
504 186
332 855
907 773
716 598
155 482
239 662
276 527
927 198
104 644
915 444
55 712
725 242
953 186
399 684
913 445
29 719
642 26
132 789
296 785
894 488
699 49
696 41
28 634
199 870
362 584
560 259
161 945
137 685
37 892
794 729
210 784
837 493
31 350
817 323
602 57
868 957
69 59
904 91
420 127
731 172
62 263
337 740
412 41
538 308
445 654
609 2
842 110
415 256
833 485
205 509
401 754
183 791
781 544
514 814
375 192
265 717
424 480
788 389
298 731
103 176
208 831
940 21
449 108
32 388
725 375
654 128
641 271
900 130
766 776
524 7
782 231
645 513
948 331
528 255
829 192
693 669
230 540
329 185
604 377
645 656
400 289
774 573
336 970
602 690
893 721
835 526
611 45
487 347
236 360
209 532
865 849
596 356
66 793
808 146
764 13
160 839
243 618
338 339
315 223
904 820
720 110
727 958
599 15
468 284
191 660
386 364
340 257
670 633
3 93
452 325
496 744
187 231
376 657
808 458
762 398
816 859
365 384
308 917
317 398
530 502
105 957
538 47
800 219
25 221
34 360
529 747
454 535
432 388
971 779
226 752
121 739
756 689
733 537
715 263
219 120
294 388
332 143
520 255
627 845
466 358
305 164
866 331
559 23
562 221
665 279
931 426
501 719
769 578
7 13
603 510
956 600
70 421
134 650
698 487
357 801
177 396
278 759
807 408
766 817
782 243
631 651
8 734
127 228

