971 1000
150 78
32 881
795 253
520 956
458 207
731 836
869 792
560 682
803 79
396 950
706 10
635 608
678 252
800 502
626 921
941 907
157 960
247 25
688 901
768 140
761 555
302 240
910 496
206 862
752 949
969 264
99 845
582 483
586 777
497 729
349 866
968 610
597 687
324 878
483 944
440 109
362 865
585 820
104 297
659 376
490 226
223 620
938 359
911 668
604 118
709 130
736 812
713 189
963 119
727 841
433 447
602 940
789 778
666 916
290 309
12 465
352 711
167 401
692 280
650 179
699 338
40 579
152 765
18 32
166 364
73 72
371 41
431 525
691 1
617 24
661 779
912 708
814 508
546 381
32 693
642 457
426 439
936 353
84 7
126 631
669 899
536 410
382 328
527 316
415 859
409 339
331 718
594 152
836 797
23 754
474 250
453 137
417 423
623 889
260 924
111 621
307 724
934 214
792 672
915 722
505 834
410 619
279 329
478 477
53 644
657 966
336 537
679 816
439 14
141 807
254 939
591 534
809 367
620 184
539 511
66 267
416 451
178 83
388 623
379 770
132 462
760 308
328 616
481 495
169 192
242 400
506 617
230 394
360 341
827 826
965 105
588 106
644 894
630 870
500 715
609 88
41 752
209 677
749 132
660 93
533 315
33 893
498 31
625 277
634 180
838 527
376 214
825 171
335 577
611 203
211 74
284 775
179 289
844 311
464 301
662 925
612 436
343 433
822 961
770 59
556 195
581 566
374 535
185 375
622 753
808 421
217 371
106 741
859 786
263 821
874 300
828 441
228 890
877 545
317 52
513 160
624 504
2 263
771 667
700 659
457 90
386 589
204 158
816 369
216 435
960 782
831 155
438 415
401 773
805 540
694 322
521 847
332 198
87 937
404 740
613 443
116 793
50 873
429 880
489 243
647 477
89 756
673 762
661 470
950 805
401 318
964 550
128 541
703 758
282 790
189 611
924 926
326 68
314 802
393 210
449 699
723 67
913 903
224 149
59 544
787 141
78 848
268 44
914 84
466 100
846 877
949 450
725 302
174 27
259 382
531 169
553 913
392 46
372 444
674 281
165 917
886 869
894 518
502 747
776 850
744 503
693 918
763 407
957 30
887 216
523 638
16 459
7 905
663 185
297 597
786 874
356 703
26 658
677 552
351 838
1 696
633 908
460 26
601 63
852 587
345 332
943 320
275 607
288 409
889 197
115 849
444 273
529 241
200 521
772 380
818 355
187 81
350 501
334 454
780 788
292 480
492 505
346 69
258 955
249 391
264 910
252 146
509 486
571 219
675 256
451 657
98 293
841 254
793 498
765 625
697 290
606 38
895 129
74 530
777 837
589 969
127 47
942 307
25 562
338 126
664 809
955 957
806 333
524 202
729 326
13 906
30 112
318 804
359 261
124 935
215 856
220 615
641 476
195 637
57 279
856 971
900 605
639 651
896 366
337 377
17 769
628 170
552 43
482 323
567 840
562 3
278 832
226 811
888 272
953 601
493 575
237 196
63 484
48 750
488 362
750 776
356 911
840 284
633 531
712 526
467 220
537 175
108 567
395 249
832 895
67 681
579 396
810 262
71 930
540 361
610 278
161 327
485 62
575 237
779 163
446 397
848 319
864 42
182 599
755 57
448 406
857 727
845 138
80 578
329 569
399 71
459 372
271 904
68 445
493 76
803 138
117 801
547 231
476 125
269 389
883 51
535 82
672 639
79 676
265 705
418 763
238 317
153 947
61 853
133 34
576 643
69 16
11 648
824 663
427 860
570 49
470 652
405 370
927 808
421 513
188 127
919 413
203 463
902 704
291 164
424 374
406 554
105 135
212 468
548 931
756 622
743 33
250 336
35 964
773 629
598 446
542 684
811 506
652 698
94 89
899 815
549 482
315 706
711 701
387 4
286 65
385 726
163 543
310 232
154 542
442 303
528 794
114 725
872 166
373 349
566 571
764 929
322 95
491 388
751 768
935 438
355 434
270 427
922 689
289 286
682 345
701 494
219 310
708 429
192 168
383 965
131 424
868 586
704 212
456 92
501 86
272 669
321 417
196 570
514 282
954 292
839 560
909 528
849 398
222 244
970 883
959 541
798 437
898 161
422 208
878 456
397 757
341 165
293 664
207 813
419 803
904 466
716 395
353 774
235 21
653 251
227 352
802 887
876 660
96 479
799 824
255 881
171 626
504 852
958 745
649 766
646 572
932 612
707 546
135 167
432 18
142 671
47 153
813 99
865 844
730 128
112 194
892 481
370 58
298 313
452 325
667 357
665 634
225 156
523 290
29 721
51 795
686 314
5 205
364 744
656 217
837 656
587 55
645 354
948 872
428 384
920 590
839 714
150 789
616 828
608 73
361 934
140 306
81 640
445 595
937 564
881 632
144 9
863 337
306 258
676 475
739 387
100 173
86 76
208 946
267 416
698 885
262 285
478 864
146 274
461 157
551 347
304 54
312 159
91 206
724 694
101 351
375 675
538 953
15 588
77 399
944 810
867 717
947 113
139 29
233 582
762 707
558 867
420 936
615 78
759 666
6 294
299 487
231 176
20 499
244 825
908 520
758 755
855 968
807 414
819 742
285 379
156 581
49 737
683 524
933 11
236 378
180 831
858 224
595 151
774 8
160 365
295 343
860 497
719 61
525 225
450 410
812 723
475 561
619 908
843 584
544 871
629 478
826 633
788 70
193 710
281 117
378 703
870 923
56 75
621 425
181 678
971 743
477 645
296 635
815 962
577 679
897 139
875 558
631 350
95 334
103 709
34 324
627 235
779 326
36 6
248 17
173 181
368 411
550 64
541 549
569 386
327 383
172 650
563 780
19 539
301 426
3 606
495 39
55 771
536 199
864 798
689 13
668 600
357 464
879 662
572 142
600 461
823 683
820 855
37 80
486 428
320 15
748 385
340 585
436 120
745 646
512 419
266 843
465 318
626 85
381 819
487 296
742 522
391 627
903 418
718 287
463 690
138 963
671 218
893 188
164 40
197 533
735 288
705 943
961 392
205 673
564 967
891 914
292 665
847 148
194 655
17 442
687 858
9 692
60 204
411 654
403 222
377 440
398 154
946 35
593 927
325 144
522 427
791 735
120 276
554 2
784 247
796 884
177 559
119 609
728 238
565 291
962 898
380 931
783 781
479 178
342 259
596 174
835 551
159 234
277 295
344 116
93 431
590 87
785 480
695 500
72 596
499 248
28 242
916 102
42 485
430 473
118 50
379 743
964 142
714 94
308 420
407 390
83 283
734 145
778 147
348 346
468 919
408 270
423 897
766 921
330 868
76 403
951 761
245 107
75 713
129 211
122 512
515 172
339 731
110 162
926 568
149 460
434 592
637 680
147 515
702 772
365 233
931 591
868 712
261 720
168 36
294 509
517 182
303 851
790 748
934 98
170 191
273 12
592 734
901 932
186 909
871 111
241 959
128 863
559 312
561 857
754 187
176 691
769 928
473 833
199 900
651 363
747 641
287 547
443 948
580 186
928 800
658 193
358 642
842 442
607 557
256 213
648 548
145 814
414 342
214 101
753 331
413 405
862 945
136 602
721 344
670 618
14 470
183 817
726 938
367 661
873 764
636 360
684 933
39 830
137 66
966 330
496 408
696 488
162 912
737 563
817 536
643 491
125 472
543 806
925 122
511 751
454 255
530 356
455 686
797 373
437 432
508 603
435 598
280 228
568 299
906 827
518 604
309 736
830 245
316 422
484 580
232 223
190 474
471 53
884 266
151 510
573 593
967 553
472 523
394 565
494 785
123 556
632 784
347 304
229 560
155 749
834 861
243 469
532 854
88 260
402 76
939 268
218 121
829 448
781 818
96 131
389 182
141 844
10 649
952 91
907 516
574 275
130 697
363 783
4 636
526 230
834 265
732 452
92 823
319 97
654 87
85 201
300 430
733 143
918 56
90 695
720 19
534 227
380 759
198 479
257 586
746 882
866 674
62 215
850 393
70 124
412 951
956 489
58 412
853 335
794 842
369 28
240 791
121 103
323 647
741 37
184 493
221 236
861 114
102 767
402 20
213 402
930 700
134 368
722 321
97 846
45 455
46 239
717 48
804 730
31 942
655 22
390 246
191 875
605 96
210 888
52 104
584 229
522 123
782 733
929 519
882 614
945 653
510 920
517 358
740 685
715 954
109 732
400 77
276 835
890 221
638 787
583 624
64 829
313 471
311 670
148 134
599 573
384 799
234 594
833 538
175 892
425 532
516 209
710 760
251 796
8 886
201 133
447 941
767 746
851 190
821 115
507 45
54 879
274 453
681 490
603 467
555 628
21 348
480 340
854 42
143 574
113 23
917 271
43 902
519 630
354 136
253 915
775 507
24 891
905 716
685 728
441 517
462 702
305 183
65 514
38 958
921 404
366 265
618 688
680 200
880 458
22 922
640 719
614 876
654 952
469 583
738 150
239 110
158 492
82 177
923 822
202 739
27 269
503 257
557 576
598 681
246 613
44 449
885 529
578 839
690 60
801 896
333 5
107 108
283 298
757 305
545 970

